================== NEW TEST ==================
File: data/ftv170.atsp | Coe: 0.999999 | Max time: 60000 ms | T: 171 | Best known: 2465
Results:
Distance | Time | Temperature | Relative error
Test 1. 3752 | 59999 | 0 | 52.21%
Test 2. 3810 | 59999 | 0 | 54.56%
Test 3. 3827 | 59999 | 0 | 55.25%
Test 4. 4116 | 59999 | 0 | 66.97%
Test 5. 3982 | 59999 | 0 | 61.54%
Test 6. 3890 | 59999 | 0 | 57.8%
Test 7. 3950 | 59999 | 0 | 60.24%
Test 8. 3854 | 59999 | 0 | 56.34%
Test 9. 4093 | 59998 | 0 | 66.04%
Test 10. 4011 | 59999 | 0 | 62.71%
Best result (distance): 3752
Best result (relative error): 52.21
Best result (path): 159 15 12 11 75 73 78 82 79 80 81 0 77 170 46 53 52 47 44 42 41 155 156 39 38 37 36 158 21 17 13 14 152 151 160 161 150 25 24 74 76 10 9 8 7 4 3 2 1 49 50 71 85 69 70 167 67 68 62 57 58 43 54 55 56 64 63 66 72 168 60 84 83 108 166 93 86 87 153 154 92 95 98 163 165 97 105 106 107 109 110 132 112 111 169 133 5 131 130 128 129 136 137 147 142 143 144 148 149 6 140 145 146 122 121 120 119 117 116 115 134 141 139 138 135 124 118 125 126 127 164 113 114 104 103 102 162 123 101 100 99 96 94 91 90 89 88 65 61 59 51 48 45 40 34 35 33 157 32 31 30 29 28 27 26 23 22 20 19 18 16

================== NEW TEST ==================
File: data/ftv170.atsp | Coe: 0.9999 | Max time: 60000 ms | T: 171 | Best known: 2465
Results:
Distance | Time | Temperature | Relative error
Test 1. 5492 | 59997 | 0 | 122.79%
Test 2. 5266 | 59999 | 0 | 113.63%
Test 3. 5603 | 59999 | 0 | 127.3%
Test 4. 4949 | 59999 | 0 | 100.77%
Test 5. 5277 | 59999 | 0 | 114.07%
Test 6. 4654 | 59999 | 0 | 88.8%
Test 7. 5316 | 59999 | 0 | 115.65%
Test 8. 5099 | 59999 | 0 | 106.85%
Test 9. 5081 | 59999 | 0 | 106.12%
Test 10. 5236 | 59999 | 0 | 112.41%
Best result (distance): 4654
Best result (relative error): 88.8
Best result (path): 148 149 26 19 75 37 158 20 17 16 159 15 14 151 140 139 138 119 117 116 115 113 104 97 105 106 107 166 108 109 110 169 133 141 144 145 129 114 165 90 91 93 67 68 51 48 36 32 31 30 33 157 35 38 50 60 71 83 86 87 65 64 63 66 61 62 57 56 55 43 44 40 156 34 27 28 29 13 160 150 25 24 23 22 21 143 146 124 121 120 96 94 92 70 167 69 84 85 153 88 89 154 95 98 101 100 99 163 103 102 162 123 122 118 125 126 127 164 112 81 79 82 80 5 4 3 2 9 8 7 6 1 78 72 168 170 49 59 58 54 53 52 47 46 45 42 41 155 39 73 77 0 111 132 131 142 152 161 18 12 11 74 76 10 134 135 130 128 136 137 147

================== NEW TEST ==================
File: data/ftv170.atsp | Coe: 0.99 | Max time: 60000 ms | T: 171 | Best known: 2465
Results:
Distance | Time | Temperature | Relative error
Test 1. 5303 | 59999 | 0 | 115.13%
Test 2. 5232 | 59999 | 0 | 112.25%
Test 3. 5825 | 59999 | 0 | 136.3%
Test 4. 5192 | 59999 | 0 | 110.62%
Test 5. 5004 | 59998 | 0 | 103%
Test 6. 5121 | 59999 | 0 | 107.74%
Test 7. 5147 | 59999 | 0 | 108.8%
Test 8. 5546 | 59999 | 0 | 124.98%
Test 9. 5635 | 59999 | 0 | 128.6%
Test 10. 5644 | 59999 | 0 | 128.96%
Best result (distance): 5004
Best result (relative error): 103
Best result (path): 161 25 26 27 16 159 15 4 0 37 20 19 18 12 11 74 73 78 77 1 2 9 3 169 133 132 112 111 125 126 127 81 80 79 82 48 47 52 51 50 60 153 89 88 65 66 61 71 83 114 104 103 102 162 123 122 121 120 118 116 115 92 86 85 69 84 62 57 58 54 55 53 56 64 63 59 46 42 155 156 34 35 30 28 29 134 138 130 164 113 5 8 7 140 139 136 137 147 148 149 24 23 22 32 31 41 33 157 36 158 75 76 10 150 160 151 152 6 135 128 129 124 119 117 100 99 105 106 107 166 87 70 167 67 68 72 168 170 49 38 39 40 44 43 45 21 17 13 14 145 146 101 163 165 97 96 95 98 94 91 90 154 93 108 109 110 131 141 144 143 142