================== NEW TEST ==================
File: data/rbg403.atsp | Coe: 0.999999 | Max time: 60000 ms | T: 403 | Best known: 2755
Results:
Distance | Time | Temperature | Relative error
Test 1. 2493 | 59997 | 0.0038 | 9.5%
Test 2. 2503 | 59998 | 0.0042 | 9.14%
Test 3. 2526 | 59999 | 0.0045 | 8.31%
Test 4. 2494 | 59999 | 0.0051 | 9.47%
Test 5. 2487 | 59998 | 0.0068 | 9.72%
Test 6. 2522 | 59999 | 0.0062 | 8.45%
Test 7. 2495 | 59999 | 0.0063 | 9.43%
Test 8. 2499 | 59998 | 0.0062 | 9.29%
Test 9. 2503 | 59999 | 0.0062 | 9.14%
Test 10. 2489 | 59999 | 0.0062 | 9.65%
Best result (distance): 2487
Best result (relative error): 9.72
Best result (path): 401 10 126 339 124 130 55 95 237 253 341 52 306 132 80 244 46 294 329 284 170 6 173 188 247 256 316 144 146 149 48 162 142 356 209 16 268 103 360 390 326 265 296 332 68 69 88 57 138 190 266 342 354 323 331 340 11 86 184 94 346 181 368 179 246 54 37 305 310 152 379 321 366 177 219 240 395 351 392 141 62 14 394 304 261 262 191 252 44 60 66 67 385 28 272 371 375 101 151 348 248 325 275 109 25 164 165 106 4 139 29 215 49 276 102 337 72 90 208 18 303 364 225 23 335 317 328 357 273 125 59 314 42 147 156 176 123 300 166 36 137 243 231 211 259 51 92 319 8 283 400 74 286 131 365 160 386 107 267 333 116 120 108 245 376 33 30 206 359 180 143 155 89 201 3 163 154 148 45 207 129 212 382 230 161 197 220 65 75 153 133 315 363 374 193 118 302 255 128 293 274 251 20 307 269 158 369 111 232 322 32 0 196 73 119 122 399 127 350 84 104 381 324 194 85 250 174 203 383 384 43 2 112 47 121 235 35 312 289 380 233 352 40 145 93 12 280 195 41 213 198 19 105 185 222 7 313 343 330 241 202 327 113 264 187 389 99 97 258 391 38 70 239 393 229 238 87 260 397 309 31 77 175 210 226 78 334 140 288 134 1 157 83 396 398 63 171 199 221 224 228 234 9 150 98 100 178 388 257 61 136 249 82 344 355 373 318 358 370 282 285 5 308 218 117 242 27 169 110 263 353 114 115 349 217 182 189 192 214 223 254 167 26 172 295 34 387 21 22 81 277 58 71 278 372 91 39 347 361 320 227 236 168 53 186 281 271 311 204 291 298 299 345 270 135 338 96 79 290 292 336 279 17 183 15 64 377 378 159 76 367 301 362 205 13 24 287 402 56 50 297 200 216

================== NEW TEST ==================
File: data/rbg403.atsp | Coe: 0.9999 | Max time: 60000 ms | T: 403 | Best known: 2755
Results:
Distance | Time | Temperature | Relative error
Test 1. 2543 | 59999 | 0 | 7.69%
Test 2. 2491 | 59998 | 0 | 9.58%
Test 3. 2519 | 59999 | 0 | 8.56%
Test 4. 2526 | 59999 | 0 | 8.31%
Test 5. 2479 | 59999 | 0 | 10.01%
Test 6. 2514 | 59999 | 0 | 8.74%
Test 7. 2492 | 59998 | 0 | 9.54%
Test 8. 2526 | 59999 | 0 | 8.31%
Test 9. 2557 | 59999 | 0 | 7.18%
Test 10. 2533 | 59999 | 0 | 8.05%
Best result (distance): 2479
Best result (relative error): 10.01
Best result (path): 313 255 128 343 284 170 76 152 175 55 311 337 303 364 116 120 301 177 359 106 289 321 336 65 131 350 358 370 61 107 328 357 271 126 167 269 158 369 111 386 2 16 268 139 224 19 3 164 356 209 83 371 375 14 229 238 29 355 373 46 267 333 73 310 153 249 316 54 37 332 195 28 272 351 108 56 50 144 146 149 59 314 197 220 203 218 247 82 4 184 339 157 263 353 79 377 342 354 119 52 401 7 159 18 63 171 142 145 104 94 115 306 132 325 226 230 248 395 84 43 352 40 122 138 190 208 15 64 317 294 329 330 251 34 150 101 151 80 244 187 389 99 309 74 286 379 291 298 276 253 98 100 178 36 62 360 292 366 21 22 81 173 188 38 26 172 97 315 205 231 288 13 137 383 384 9 93 341 277 58 338 192 123 340 41 372 282 285 182 320 382 78 71 228 234 393 23 185 174 12 280 135 256 392 141 189 67 166 1 124 85 5 304 165 180 204 363 374 69 114 96 88 237 198 200 216 300 385 154 156 176 281 274 264 133 225 394 308 344 223 254 24 112 241 362 380 194 376 33 89 302 381 324 233 45 207 70 239 193 279 17 183 103 48 162 232 296 305 8 283 250 222 68 30 206 390 148 161 87 6 215 49 299 345 214 31 77 57 278 213 270 211 20 307 44 60 66 346 181 246 117 242 258 391 105 129 39 347 92 257 287 402 102 259 51 361 400 53 186 191 252 266 399 118 201 261 262 75 367 147 275 265 368 179 260 397 10 95 243 134 35 312 168 349 387 0 196 335 212 227 236 327 113 47 121 235 318 290 348 388 219 240 136 217 334 140 210 326 109 295 199 221 42 396 398 72 90 127 293 273 125 110 143 155 25 163 245 365 160 319 323 331 91 322 32 130 202 27 169 11 86 297 378

================== NEW TEST ==================
File: data/rbg403.atsp | Coe: 0.99 | Max time: 60000 ms | T: 403 | Best known: 2755
Results:
Distance | Time | Temperature | Relative error
Test 1. 2552 | 59997 | 0 | 7.36%
Test 2. 2560 | 59999 | 0 | 7.07%
Test 3. 2542 | 59999 | 0 | 7.73%
Test 4. 2546 | 59999 | 0 | 7.58%
Test 5. 2584 | 59999 | 0 | 6.2%
Test 6. 2552 | 59998 | 0 | 7.36%
Test 7. 2521 | 59999 | 0 | 8.49%
Test 8. 2541 | 59999 | 0 | 7.76%
Test 9. 2556 | 59998 | 0 | 7.22%
Test 10. 2533 | 59999 | 0 | 8.05%
Best result (distance): 2521
Best result (relative error): 8.49
Best result (path): 107 282 285 56 87 202 185 174 34 150 352 117 239 46 358 370 273 286 24 369 111 379 321 366 396 398 389 99 40 122 228 234 54 62 88 98 100 190 121 235 80 244 219 240 208 70 242 9 93 339 158 41 272 351 108 71 342 216 310 152 320 382 78 270 135 298 276 188 139 343 284 170 395 267 333 168 355 131 21 22 81 167 266 138 178 26 172 133 165 106 300 221 204 205 13 137 318 263 277 283 20 313 257 113 264 36 37 332 341 347 92 75 153 362 363 374 256 392 141 373 57 278 209 10 126 42 232 316 44 60 125 289 380 233 130 73 223 254 68 261 262 144 324 194 17 183 1 157 344 8 58 5 304 315 291 175 6 31 176 290 292 336 368 179 2 16 268 337 19 105 246 211 258 226 230 59 314 187 191 375 356 372 245 334 140 350 61 136 212 227 236 142 198 399 25 164 127 109 30 206 118 302 224 72 90 189 96 360 210 148 161 309 119 52 215 305 306 231 94 45 207 103 365 160 0 196 255 128 377 63 171 65 18 378 331 371 252 69 14 23 279 348 248 50 147 391 357 328 251 247 82 338 67 385 97 243 132 359 180 253 381 146 149 325 326 110 203 104 295 296 49 51 361 38 154 275 265 177 249 288 134 297 303 364 91 400 349 43 340 145 217 116 120 301 237 7 159 335 319 323 307 317 287 402 39 353 79 200 354 55 95 11 86 192 123 143 155 250 222 83 274 32 327 322 3 163 74 66 115 401 214 173 260 397 15 64 4 184 29 53 186 294 329 330 241 259 299 345 193 129 27 169 101 151 269 124 225 394 308 112 47 48 162 293 84 383 384 218 376 33 12 280 195 102 393 229 238 28 213 390 156 77 114 346 181 388 35 312 281 271 311 76 367 85 89 201 197 220 387 182 199 166 386